Vector3(-9227.0693359375, 227.83074951172, 9615.755859375), Angle(0.0001485073735239, 0.99997609853745, -0.0013341929297894)
Vector3(-9232.375, 227.83164978027, 9615.1455078125), Angle(6.4593266870361e-005, 0.99976170063019, -0.001237771124579)
Vector3(-9242.490234375, 227.83497619629, 9615.6474609375), Angle(9.8203010566067e-005, 0.99999701976776, 0.0023184379097074)
Vector3(-9249.57421875, 227.82711791992, 9625.1416015625), Angle(-0.01259114779532, 0.96854776144028, -0.0029809710104018)
Vector3(-9250.142578125, 227.83444213867, 9637.3076171875), Angle(-0.00012295255146455, 0.99966424703598, 0.009028603322804)
Vector3(-9262.4296875, 227.88151550293, 9640.595703125), Angle(-0.0094192465767264, 0.7418926358223, 0.0093892868608236)
Vector3(-9271.552734375, 227.8348236084, 9623.279296875), Angle(-0.00057069084141403, 0.032541383057833, -7.540792284999e-005)
Vector3(-9272.583984375, 227.61308288574, 9607.30859375), Angle(-0.015520803630352, 0.031571950763464, -0.014644037932158)
Vector3(-9272.998046875, 227.73927307129, 9585.7646484375), Angle(-0.001975967315957, -0.0038464902900159, 0.018965553492308)
Vector3(-9272.7705078125, 227.59918212891, 9560.087890625), Angle(0.047503851354122, -0.005535801872611, -0.012532629072666)
Vector3(-9200.4580078125, 229.40693664551, 9649.1884765625), Angle(0, -0.0020822419319302, 0)
